%YAML:1.0
features:
 - {x:4.45,   y:1.30}
 - {x:12.2,   y:-3.8}
 - {x:-0.67,  y:-6.54}
 - {x:-6.3,   y:-7.15}
 - {x:-8.1,   y:-2.7}
 - {x:-13.04, y:-2.5}
 - {x:-8.1,   y:-2.7}
 - {x:-0.4,   y:0.11}
